[Variables]
ercf_calib_0 = 1.0
ercf_calib_1 = 1.00029897825
ercf_calib_2 = 0.998613554529
ercf_calib_3 = 0.998613554529
ercf_calib_4 = 0.998613554529
ercf_calib_5 = 0.996096041367
ercf_calib_ref = 994.9
ercf_calib_version = 2
print_count = 94
readytoload = False

